0, 0.334563
1, 0.330366
2, 0.420132
3, 0.360602
4, 0.468050
5, 0.361066
6, 0.352372
7, 0.352165
8, 0.350819
9, 0.349776
10, 0.421174
11, 0.342462
12, 0.343381
13, 0.343769
14, 0.343958
15, 0.343219
16, 0.341679
17, 0.341044
18, 0.340814
19, 0.389225
20, 0.337549
21, 0.336376
22, 0.335351
23, 0.335811
24, 0.333669
25, 0.334418
26, 0.334894
27, 0.334862
28, 0.381935
29, 0.334254
30, 0.335160
31, 0.333929
32, 0.334737
33, 0.335123
34, 0.333421
35, 0.335261
36, 0.335521
37, 0.351991
38, 0.335634
39, 0.334617
40, 0.394306
41, 0.338726
42, 0.337767
43, 0.336939
44, 0.336584
45, 0.396829
46, 0.337791
47, 0.491342
48, 0.337999
49, 0.337063
50, 0.337524
51, 0.340153
52, 0.337113
53, 0.337536
54, 0.338094
55, 0.338525
56, 0.340332
57, 0.336049
58, 0.337467
59, 0.337758
60, 0.336750
61, 0.339761
62, 0.370485
63, 0.335606
64, 0.337467
65, 0.337448
66, 0.337206
67, 0.335881
68, 0.337793
69, 0.337358
70, 0.336612
71, 0.408276
72, 0.338445
73, 0.335528
74, 0.336180
75, 0.335786
76, 0.410170
77, 0.338979
78, 0.339036
79, 0.361080
80, 0.403078
81, 0.361625
82, 0.360486
83, 0.360824
84, 0.360052
85, 0.360618
86, 0.360360
87, 0.359285
88, 0.428852
89, 0.360888
90, 0.360729
91, 0.361226
92, 0.360540
93, 0.360523
94, 0.360746
95, 0.360457
96, 0.360846
97, 0.360434
98, 0.360399
99, 0.359719
100, 0.360026
101, 0.359803
102, 0.360526
103, 0.360132
104, 0.360220
105, 0.421112
106, 0.359425
107, 0.360835
108, 0.358882
109, 0.361603
110, 0.361625
111, 0.438092
112, 0.358643
113, 0.404205
114, 0.359763
115, 0.360288
116, 0.361268
117, 0.360964
118, 0.361152
119, 0.359650
120, 0.361502
121, 0.360296
122, 0.360416
123, 0.358440
124, 0.359177
125, 0.359229
126, 0.359916
127, 0.359884
128, 0.360882
129, 0.359179
130, 0.361523
131, 0.361069
132, 0.360413
133, 0.359963
134, 0.359704
135, 0.358827
136, 0.358970
137, 0.359040
138, 0.360339
139, 0.360448
140, 0.361210
141, 0.359642
142, 0.361498
143, 0.360596
144, 0.361705
145, 0.359693
146, 0.381034
147, 0.362215
148, 0.362554
149, 0.357788
150, 0.358970
151, 0.359650
152, 0.359063
153, 0.359604
154, 0.359983
155, 0.361480
156, 0.359592
157, 0.428280
158, 0.430300
159, 0.431141
160, 0.433896
161, 0.429163
162, 0.430322
163, 0.435710
164, 0.433887
165, 0.430426
166, 0.430232
167, 0.431858
168, 0.431655
169, 0.430334
170, 0.431033
171, 0.430924
172, 0.430251
173, 0.430427
174, 0.430450
175, 0.431592
176, 0.430433
177, 0.429480
178, 0.458988
179, 0.431923
180, 0.430655
181, 0.432188
182, 0.429741
183, 0.434440
184, 0.429892
185, 0.434991
186, 0.430791
187, 0.428624
188, 0.431423
189, 0.428450
190, 0.430006
191, 0.430405
192, 0.431305
193, 0.430071
194, 0.429414
195, 0.429518
196, 0.429582
197, 0.431482
198, 0.430896
199, 0.430377
200, 0.432079
201, 0.431842
202, 0.429759
203, 0.428852
204, 0.428358
205, 0.429184
206, 0.428987
207, 0.434290
208, 0.432156
209, 0.551421
210, 0.430207
211, 0.430774
212, 0.429643
213, 0.429697
214, 0.432779
215, 0.433672
216, 0.428993
217, 0.430500
218, 0.434632
219, 0.430693
220, 0.429835
221, 0.430415
222, 0.431764
223, 0.435130
224, 0.431049
225, 0.430069
226, 0.434453
227, 0.432485
228, 0.430800
229, 0.465743
230, 0.431655
231, 0.430498
232, 0.434161
233, 0.432317
234, 0.433846
235, 0.430043
236, 0.430641
237, 0.430722
238, 0.429867
239, 0.431085
240, 0.529978
241, 0.429900
242, 0.431956
243, 0.431174
244, 0.490253
245, 0.430496
246, 0.431229
247, 0.430755
248, 0.433256
249, 0.433486
250, 0.430766
251, 0.430581
252, 0.429703
253, 0.428987
254, 0.429770
255, 0.429650
256, 0.428647
257, 0.429707
258, 0.430606
259, 0.428982
260, 0.430942
261, 0.433410
262, 0.431161
263, 0.431419
264, 0.432623
265, 0.433598
266, 0.434176
267, 0.431062
268, 0.433762
269, 0.431528
270, 0.540801
271, 0.430228
272, 0.429483
273, 0.490491
274, 0.429641
275, 0.429551
276, 0.433227
277, 0.430132
278, 0.430709
279, 0.432321
280, 0.433403
281, 0.434989
282, 0.429417
283, 0.429469
284, 0.431035
285, 0.429620
286, 0.430085
287, 0.433419
288, 0.434686
289, 0.433984
290, 0.431871
291, 0.429426
292, 0.434873
293, 0.429980
294, 0.429615
295, 0.433604
296, 0.430113
297, 0.431773
298, 0.429426
299, 0.433206
300, 0.430329
301, 0.491940
302, 0.434863
303, 0.432547
304, 0.430214
305, 0.429632
306, 0.431724
307, 0.432215
308, 0.428570
309, 0.430512
310, 0.430238
311, 0.429400
312, 0.429078
313, 0.599552
314, 0.598294
315, 0.598741
316, 0.599202
317, 0.598894
318, 0.607220
319, 0.595807
320, 0.596999
321, 0.600504
322, 0.598184
323, 0.598993
324, 0.601916
325, 0.600525
326, 0.602287
327, 0.724912
328, 0.597562
329, 0.600782
330, 0.602732
331, 0.602130
332, 0.599348
333, 0.603401
334, 0.598890
335, 0.599950
336, 0.598386
337, 0.600401
338, 0.603265
339, 0.604006
340, 0.602076
341, 0.602714
342, 0.599386
343, 0.597171
344, 0.601062
345, 0.596864
346, 0.600277
347, 0.601286
348, 0.596262
349, 0.599028
350, 0.690560
351, 0.598264
352, 0.596446
353, 0.600544
354, 0.599618
355, 0.602238
356, 0.597132
357, 0.601080
358, 0.601278
359, 0.599460
360, 0.598239
361, 0.637279
362, 0.602217
363, 0.600097
364, 0.600817
365, 0.596335
366, 0.601220
367, 0.602524
368, 0.601806
369, 0.597876
370, 0.597816
371, 0.600344
372, 0.639964
373, 0.700121
374, 0.598123
375, 0.597074
376, 0.599132
377, 0.600992
378, 0.603179
379, 0.600996
380, 0.598518
381, 0.600337
382, 0.596689
383, 0.599760
384, 0.601397
385, 0.600861
386, 0.600042
387, 0.605262
388, 0.601199
389, 0.606285
390, 0.601095
391, 0.597305
392, 0.598208
393, 0.597990
394, 0.602166
395, 0.599492
396, 0.602764
397, 0.711620
398, 0.603017
399, 0.602844
400, 0.598726
401, 0.600063
402, 0.599699
403, 0.597176
404, 0.599998
405, 0.605599
406, 0.602951
407, 0.597003
408, 0.603323
409, 0.598135
410, 0.599103
411, 0.599387
412, 0.598688
413, 0.602250
414, 0.598168
415, 0.596884
416, 0.601693
417, 0.598342
418, 0.597308
419, 0.608228
420, 0.697065
421, 0.601577
422, 0.605272
423, 0.601102
424, 0.595346
425, 0.595210
426, 0.599784
427, 0.603317
428, 0.599089
429, 0.599994
430, 0.603932
431, 0.598401
432, 0.600363
433, 0.600834
434, 0.600549
435, 0.598460
436, 0.602970
437, 0.600581
438, 0.599576
439, 0.604257
440, 0.600224
441, 0.599236
442, 0.601576
443, 0.707490
444, 0.606675
445, 0.600118
446, 0.598036
447, 0.597675
448, 0.600919
449, 0.595669
450, 0.598733
451, 0.598043
452, 0.599726
453, 0.597354
454, 0.602113
455, 0.599312
456, 0.600605
457, 0.595957
458, 0.600052
459, 0.600630
460, 0.604776
461, 0.604357
462, 0.598796
463, 0.600773
464, 0.597431
465, 0.600733
466, 0.598353
467, 0.732050
468, 0.599088
469, 0.596893
470, 0.599813
471, 0.603717
472, 0.599045
473, 0.598811
474, 0.600289
475, 0.597597
476, 0.597952
477, 0.598212
478, 0.598778
479, 0.596460
480, 0.599460
481, 0.595434
482, 0.599997
483, 0.595991
484, 0.604342
485, 0.602748
486, 0.599140
487, 0.603291
488, 0.597159
489, 0.599242
490, 0.725674
491, 0.597564
492, 0.599413
493, 0.601286
494, 0.596914
495, 0.605968
496, 0.599612
497, 0.595784
498, 0.601786
499, 0.600746
